 6  7   2 
 6 10  -2 
 6 11   1 
 6 15   3 
 6 17  -3 
 6 18  -1 
 7  6   3 
 7 10  -3 
 7 13   1 
 7 15  -2 
 7 19   2 
 7 20  -1 
 8  6   3 
 8  7  -1 
 8 10  -3 
 8 12  -2 
 8 15  -3 
 8 24   1 
 8 25   2 
10  6  -2 
10  7  -3 
10 11   3 
10 12   1 
10 12   2 
10 17   2 
10 18   1 
11  6   2 
11 10   3 
11 18   1 
12  6   1 
12  8  -3 
12 10   3 
12 15  -1 
12 16   2 
12 19  -2 
13  6   1 
13  7   2 
13 10  -3 
13 12  -2 
13 15  -1 
13 23   3 
15  6  -2 
15  7  -3 
15  8  -1 
15 10   3 
15 12   1 
15 16   1 
15 17   2 
16  8  -3 
16 11   1 
16 15   3 
16 19   2 
16 24  -2 
16 25  -1 
17 10   3 
17 11   1 
17 20   2 
18  6  -1 
18  7  -3 
18  8  -2 
18 10   2 
18 11   3 
18 23   1 
18 24  -2 
19  6   3 
19  7   1 
19  7   2 
19  8  -1 
19  8  -3 
19 10  -2 
19 10  -3 
19 12  -2 
19 13   1 
19 16   2 
19 17   3 
19 18  -2 
19 18  -3 
19 21   1 
19 21   2 
19 24  -1 
20  7  -3 
20 11   2 
20 12  -2 
20 13   1 
20 19  -1 
20 25   3 
21  6   3 
21  7   1 
21 10  -3 
21 15  -2 
21 17  -2 
21 18   1 
21 19   1 
21 22   2 
21 24  -1 
22  6   2 
22  7   3 
22  8  -2 
22 11   1 
22 17  -1 
22 20  -3 
22 21   1 
22 24  -1 
23  7   2 
23  8  -1 
23 10  -3 
23 13   3 
23 19   1 
23 22   1 
23 24  -2 
24  7   1 
24  8   2 
24 10  -2 
24 12  -1 
24 18  -3 
24 25   3 
25  7   1 
25 10  -3 
25 12  -2 
25 18  -1 
25 20   2 
25 24   3 
11 17  -1 
12 11   1 
12 16  -1 
16 10   1 
16 11  -1 
17 11   1 
17 16  -1 
18 12   1 
18 19  -1 
19 11   1 
19 12  -1 
