 6  7  -2 
 6  8   3 
 6 13  -3 
 6 17  -1 
 6 19   1 
 6 21   2 
 7  6   3 
 7 15  -2 
 7 19   2 
 7 20  -1 
 8  6   3 
 8  7  -2 
 8 10  -3 
 8 12  -2 
 8 20   2 
 8 23  -1 
 8 24   1 
 8 25   2 
10  6  -2 
10  7  -3 
10 11   3 
10 12   1 
10 17   2 
10 18   2 
10 21  -1 
11 10   3 
11 16   1 
11 18   2 
12  7  -1 
12  8  -3 
12 11   1 
12 13  -2 
12 16   2 
12 24  -2 
13  7   3 
13 10  -3 
13 12  -2 
13 15  -1 
13 19   1 
13 23   2 
15  7  -3 
15  8  -2 
15 10   3 
15 12   2 
15 16   1 
15 21  -1 
16  8  -3 
16 11   1 
16 15   3 
16 19   2 
16 24  -2 
16 25  -1 
17 10   3 
17 11   1 
17 16   1 
17 20   2 
18  6  -1 
18  7  -3 
18  8  -2 
18 11   2 
18 15   3 
18 21   1 
19  6   3 
19  7   2 
19 13   1 
20  7  -3 
20 11   2 
20 12  -2 
20 13   1 
20 19  -1 
20 25   3 
21  6   3 
21 10  -3 
21 15  -2 
21 19   1 
21 22   2 
21 24  -1 
22  7   3 
22  8  -2 
22 10  -1 
22 13   1 
22 19   2 
22 20  -3 
23  7   3 
23  8  -1 
23 10  -3 
23 13   2 
23 22   1 
23 24  -2 
24  7   1 
24  8   2 
24 10  -1 
24 12  -3 
24 15  -2 
24 25   3 
25  7   1 
25  8   2 
25 10  -1 
25 15  -3 
25 17  -2 
25 24   3 
