 6  8   2
 6 11   3
 6 12  -2
 6 13  -1
 6 17  -3
 6 21   1
 7  6   3
 7 13   2
 7 17  -1
 7 20  -3
 7 21   1
 7 24  -2
 8  6   2
 8  7   3
 8 10  -1
 8 15  -3
 8 16  -2
 8 24   1
10  8  -2
10 11   3
10 12   1
10 13  -3
10 17   2
10 25  -1
11 10   3
11 18   2
11 20   1
12  6   1
12 10   3
12 13  -3
12 15  -1
12 16   2
12 19  -2
13  7   2
13 10  -3
13 11  -1
13 12  -2 
13 15   1 
13 23   3 
15  6   3 
15  7   2 
15  8  -3 
15 16   1 
15 21  -2 
15 24  -1 
16  8  -3 
16 11   2 
16 15   3 
16 23   1 
16 24  -2 
16 25  -1 
17 10   3 
17 15   1 
17 21   2 
18  8  -1 
18 11   3
18 15   1 
18 20  -3 
18 21   2
18 24  -2 
19  6   3 
19  7   2 
19  8  -1 
19 10  -3 
19 18  -2 
19 21   1 
20  7  -3 
20 11   2 
20 12  -2 
20 13   1 
20 19  -1 
20 25   3 
21  6   3 
21 15  -2 
21 18   1 
21 19   2 
21 20  -3 
21 22   2 
21 24  -1
22  6   3 
22  7   2 
22  8  -2
22 20  -3 
22 21   1 
22 24  -1 
22 25  -1 
23  6   1 
23  7   2 
23 13   3 
23 19   1 
23 20  -1 
23 24  -3 
23 25  -2 
24  8   3 
24 10  -3 
24 11  -2 
24 18  -1 
24 20   2 
24 25   1 
25  6   2 
25  7   3 
25 10  -3 
25 12  -2 
25 13   1 
25 23  -1
